0 0 38447 
1 38447 36444 
2 74891 32325 
3 107216 30935 
4 138151 30718 
5 168869 30454 
6 199323 30051 
7 229374 28638 
8 258012 27027 
9 285039 26314 
10 311353 25945 
11 337298 25811 
12 363109 25799 
13 388908 24561 
14 413469 23603 
15 437072 23246 
16 460318 22925 
17 483243 22549 
18 505792 22098 
19 527890 21767 
20 549657 20494 
21 570151 20235 
22 590386 20153 
23 610539 20093 
24 630632 19884 
25 650516 19789 
26 670305 19812 
27 690117 19686 
28 709803 19511 
29 729314 19551 
30 748865 19463 
31 768328 19366 
32 787694 19278 
33 806972 19092 
34 826064 19034 
35 845098 18949 
36 864047 18595 
37 882642 18443 
38 901085 18380 
39 919465 18316 
40 937781 18049 
41 955830 17884 
42 973714 17838 
43 991552 17719 
44 1009271 17053 
45 1026324 16461 
46 1042785 16384 
47 1059169 16310 
48 1075479 16001 
49 1091480 15913 
50 1107393 15864 
51 1123257 15870 
52 1139127 15591 
53 1154718 15563 
54 1170281 15546 
55 1185827 15504 
56 1201331 15495 
57 1216826 15391 
58 1232217 15320 
59 1247537 15283 
60 1262820 15115 
61 1277935 15073 
62 1293008 14984 
63 1307992 14790 
64 1322782 14661 
65 1337443 14616 
66 1352059 14616 
67 1366675 14516 
68 1381191 14177 
69 1395368 14075 
70 1409443 13967 
71 1423410 13781 
72 1437191 13765 
73 1450956 13748 
74 1464704 13751 
75 1478455 13703 
76 1492158 13686 
77 1505844 13657 
78 1519501 13639 
79 1533140 13564 
80 1546704 13603 
81 1560307 13561 
82 1573868 13394 
83 1587262 13313 
84 1600575 13155 
85 1613730 13045 
86 1626775 12992 
87 1639767 12943 
88 1652710 12967 
89 1665677 12902 
90 1678579 12863 
91 1691442 12850 
92 1704292 12852 
93 1717144 12604 
94 1729748 12577 
95 1742325 12577 
96 1754902 12479 
97 1767381 12475 
98 1779856 12440 
99 1792296 12283 
100 1804579 12284 
101 1816863 12274 
102 1829137 12228 
103 1841365 12321 
104 1853686 12144 
105 1865830 11929 
106 1877759 11966 
107 1889725 11754 
108 1901479 11617 
109 1913096 11618 
110 1924714 11637 
111 1936351 11638 
112 1947989 11606 
113 1959595 11552 
114 1971147 11583 
115 1982730 11545 
116 1994275 11570 
117 2005845 11488 
118 2017333 11451 
119 2028784 11293 
120 2040077 11319 
121 2051396 11262 
122 2062658 11276 
123 2073934 11241 
124 2085175 11161 
125 2096336 11165 
126 2107501 11203 
127 2118704 11020 
128 2129724 11023 
129 2140747 10998 
130 2151745 10977 
131 2162722 10960 
132 2173682 10941 
133 2184623 10938 
134 2195561 10859 
135 2206420 10827 
136 2217247 10787 
137 2228034 10724 
138 2238758 10736 
139 2249494 10706 
140 2260200 10746 
141 2270946 10659 
142 2281605 10597 
143 2292202 10554 
144 2302756 10509 
145 2313265 10529 
146 2323794 10461 
147 2334255 10451 
148 2344706 10516 
149 2355222 10454 
150 2365676 10421 
151 2376097 10278 
152 2386375 10198 
153 2396573 10205 
154 2406778 10175 
155 2416953 10155 
156 2427108 10142 
157 2437250 10155 
158 2447405 10150 
159 2457555 10113 
160 2467668 10088 
161 2477756 10089 
162 2487845 10101 
163 2497946 10023 
164 2507969 9999 
165 2517968 10009 
166 2527977 9958 
167 2537935 9988 
168 2547923 9964 
169 2557887 9922 
170 2567809 9920 
171 2577729 9869 
172 2587598 9896 
173 2597494 9789 
174 2607283 9779 
175 2617062 9782 
176 2626844 9805 
177 2636649 9756 
178 2646405 9739 
179 2656144 9695 
180 2665839 9708 
181 2675547 9710 
182 2685257 9658 
183 2694915 9674 
184 2704589 9664 
185 2714253 9696 
186 2723949 9669 
187 2733618 9646 
188 2743264 9639 
189 2752903 9647 
190 2762550 9629 
191 2772179 9618 
192 2781797 9634 
193 2791431 9588 
194 2801019 9605 
195 2810624 9582 
196 2820206 9593 
197 2829799 9532 
198 2839331 9538 
199 2848869 9537 
200 2858406 9520 
201 2867926 9480 
202 2877406 9466 
203 2886872 9462 
204 2896334 9417 
205 2905751 9425 
206 2915176 9365 
207 2924541 9380 
208 2933921 9306 
209 2943227 9335 
210 2952562 9272 
211 2961834 9221 
212 2971055 9235 
213 2980290 9208 
214 2989498 9233 
215 2998731 9179 
216 3007910 9205 
217 3017115 9141 
218 3026256 9169 
219 3035425 9131 
220 3044556 9104 
221 3053660 9106 
222 3062766 9084 
223 3071850 9080 
224 3080930 9078 
225 3090008 9085 
226 3099093 9060 
227 3108153 9095 
228 3117248 9063 
229 3126311 9042 
230 3135353 9044 
231 3144397 9043 
232 3153440 9028 
233 3162468 8961 
234 3171429 8966 
235 3180395 8967 
236 3189362 8952 
237 3198314 8957 
238 3207271 8956 
239 3216227 9003 
240 3225230 8913 
241 3234143 8923 
242 3243066 8937 
243 3252003 8903 
244 3260906 8923 
245 3269829 8889 
246 3278718 8855 
247 3287573 8870 
248 3296443 8881 
249 3305324 8842 
250 3314166 8873 
251 3323039 8836 
252 3331875 8811 
253 3340686 8812 
254 3349498 8788 
255 3358286 8770 
256 3367056 8758 
257 3375814 8782 
258 3384596 8733 
259 3393329 8730 
260 3402059 8725 
261 3410784 8735 
262 3419519 8658 
263 3428177 8647 
264 3436824 8631 
265 3445455 8580 
266 3454035 8572 
267 3462607 8582 
268 3471189 8599 
269 3479788 8582 
270 3488370 8585 
271 3496955 8572 
272 3505527 8525 
273 3514052 8530 
274 3522582 8507 
275 3531089 8494 
276 3539583 8492 
277 3548075 8513 
278 3556588 8498 
279 3565086 8436 
280 3573522 8418 
281 3581940 8423 
282 3590363 8417 
283 3598780 8395 
284 3607175 8412 
285 3615587 8408 
286 3623995 8421 
287 3632416 8346 
288 3640762 8365 
289 3649127 8371 
290 3657498 8336 
291 3665834 8304 
292 3674138 8321 
293 3682459 8280 
294 3690739 8277 
295 3699016 8281 
296 3707297 8232 
297 3715529 8210 
298 3723739 8232 
299 3731971 8222 
300 3740193 8200 
301 3748393 8188 
302 3756581 8229 
303 3764810 8174 
304 3772984 8154 
305 3781138 8176 
306 3789314 8176 
307 3797490 8155 
308 3805645 8172 
309 3813817 8128 
310 3821945 8133 
311 3830078 8116 
312 3838194 8148 
313 3846342 8088 
314 3854430 8092 
315 3862522 8094 
316 3870616 8086 
317 3878702 8116 
318 3886818 8074 
319 3894892 8048 
320 3902940 8036 
321 3910976 8016 
322 3918992 8058 
323 3927050 8012 
324 3935062 8029 
325 3943091 8022 
326 3951113 7987 
327 3959100 7962 
328 3967062 7988 
329 3975050 7974 
330 3983024 7960 
331 3990984 7939 
332 3998923 7964 
333 4006887 7918 
334 4014805 7936 
335 4022741 7917 
336 4030658 7900 
337 4038558 7935 
338 4046493 7926 
339 4054419 7898 
340 4062317 7876 
341 4070193 7890 
342 4078083 7863 
343 4085946 7837 
344 4093783 7837 
345 4101620 7832 
346 4109452 7813 
347 4117265 7788 
348 4125053 7781 
349 4132834 7801 
350 4140635 7777 
351 4148412 7801 
352 4156213 7755 
353 4163968 7802 
354 4171770 7725 
355 4179495 7704 
356 4187199 7714 
357 4194913 7702 
358 4202615 7698 
359 4210313 7701 
360 4218014 7710 
361 4225724 7688 
362 4233412 7672 
363 4241084 7639 
364 4248723 7623 
365 4256346 7625 
366 4263971 7665 
367 4271636 7650 
368 4279286 7594 
369 4286880 7586 
370 4294466 7635 
371 4302101 7602 
372 4309703 7607 
373 4317310 7569 
374 4324879 7587 
375 4332466 7572 
376 4340038 7545 
377 4347583 7531 
378 4355114 7542 
379 4362656 7527 
380 4370183 7531 
381 4377714 7556 
382 4385270 7487 
383 4392757 7451 
384 4400208 7457 
385 4407665 7432 
386 4415097 7403 
387 4422500 7417 
388 4429917 7429 
389 4437346 7427 
390 4444773 7433 
391 4452206 7412 
392 4459618 7429 
393 4467047 7421 
394 4474468 7407 
395 4481875 7393 
396 4489268 7375 
397 4496643 7365 
398 4504008 7366 
399 4511374 7386 
400 4518760 7369 
401 4526129 7348 
402 4533477 7323 
403 4540800 7334 
404 4548134 7297 
405 4555431 7302 
406 4562733 7305 
407 4570038 7306 
408 4577344 7316 
409 4584660 7280 
410 4591940 7251 
411 4599191 7277 
412 4606468 7280 
413 4613748 7201 
414 4620949 7194 
415 4628143 7232 
416 4635375 7196 
417 4642571 7212 
418 4649783 7147 
419 4656930 7176 
420 4664106 7151 
421 4671257 7152 
422 4678409 7162 
423 4685571 7137 
424 4692708 7108 
425 4699816 7119 
426 4706935 7079 
427 4714014 7062 
428 4721076 7067 
429 4728143 7026 
430 4735169 7020 
431 4742189 7068 
432 4749257 7013 
433 4756270 7048 
434 4763318 7021 
435 4770339 7000 
436 4777339 6994 
437 4784333 7013 
438 4791346 7021 
439 4798367 6978 
440 4805345 6982 
441 4812327 6955 
442 4819282 6969 
443 4826251 6970 
444 4833221 6950 
445 4840171 6918 
446 4847089 6930 
447 4854019 6891 
448 4860910 6894 
449 4867804 6902 
450 4874706 6884 
451 4881590 6894 
452 4888484 6868 
453 4895352 6876 
454 4902228 6872 
455 4909100 6897 
456 4915997 6856 
457 4922853 6829 
458 4929682 6837 
459 4936519 6798 
460 4943317 6811 
461 4950128 6799 
462 4956927 6800 
463 4963727 6789 
464 4970516 6769 
465 4977285 6801 
466 4984086 6750 
467 4990836 6774 
468 4997610 6769 
469 5004379 6772 
470 5011151 6759 
471 5017910 6739 
472 5024649 6720 
473 5031369 6691 
474 5038060 6705 
475 5044765 6715 
476 5051480 6692 
477 5058172 6666 
478 5064838 6684 
479 5071522 6638 
480 5078160 6632 
481 5084792 6645 
482 5091437 6605 
483 5098042 6584 
484 5104626 6606 
485 5111232 6598 
486 5117830 6579 
487 5124409 6579 
488 5130988 6564 
489 5137552 6539 
490 5144091 6534 
491 5150625 6548 
492 5157173 6536 
493 5163709 6519 
494 5170228 6553 
495 5176781 6507 
496 5183288 6507 
497 5189795 6498 
498 5196293 6485 
499 5202778 6505 
500 5209283 6472 
501 5215755 6495 
502 5222250 6484 
503 5228734 6476 
504 5235210 6504 
505 5241714 6463 
506 5248177 6458 
507 5254635 6439 
508 5261074 6474 
509 5267548 6480 
510 5274028 6434 
511 5280462 6429 
512 5286891 6428 
513 5293319 6427 
514 5299746 6437 
515 5306183 6425 
516 5312608 6437 
517 5319045 6430 
518 5325475 6397 
519 5331872 6401 
520 5338273 6384 
521 5344657 6367 
522 5351024 6386 
523 5357410 6381 
524 5363791 6391 
525 5370182 6369 
526 5376551 6365 
527 5382916 6355 
528 5389271 6374 
529 5395645 6346 
530 5401991 6343 
531 5408334 6357 
532 5414691 6352 
533 5421043 6359 
534 5427402 6354 
535 5433756 6376 
536 5440132 6371 
537 5446503 6300 
538 5452803 6320 
539 5459123 6396 
540 5465519 6303 
541 5471822 6328 
542 5478150 6334 
543 5484484 6330 
544 5490814 6313 
545 5497127 6327 
546 5503454 6292 
547 5509746 6287 
548 5516033 6303 
549 5522336 6292 
550 5528628 6294 
551 5534922 6265 
552 5541187 6261 
553 5547448 6290 
554 5553738 6298 
555 5560036 6248 
556 5566284 6256 
557 5572540 6207 
558 5578747 6246 
559 5584993 6238 
560 5591231 6222 
561 5597453 6174 
562 5603627 6182 
563 5609809 6232 
564 5616041 6187 
565 5622228 6163 
566 5628391 6166 
567 5634557 6136 
568 5640693 6117 
569 5646810 6108 
570 5652918 6161 
571 5659079 6090 
572 5665169 6089 
573 5671258 6088 
574 5677346 6082 
575 5683428 6083 
576 5689511 6089 
577 5695600 6060 
578 5701660 6042 
579 5707702 6026 
580 5713728 6030 
581 5719758 6028 
582 5725786 6023 
583 5731809 5993 
584 5737802 5961 
585 5743763 6025 
586 5749788 5962 
587 5755750 5991 
588 5761741 5962 
589 5767703 5944 
590 5773647 5928 
591 5779575 5939 
592 5785514 5995 
593 5791509 5911 
594 5797420 5939 
595 5803359 5943 
596 5809302 5910 
597 5815212 5964 
598 5821176 5892 
599 5827068 5887 
600 5832955 5882 
601 5838837 5890 
602 5844727 5893 
603 5850620 5891 
604 5856511 5885 
605 5862396 5851 
606 5868247 5877 
607 5874124 5842 
608 5879966 5880 
609 5885846 5838 
610 5891684 5843 
611 5897527 5813 
612 5903340 5832 
613 5909172 5840 
614 5915012 5816 
615 5920828 5807 
616 5926635 5798 
617 5932433 5813 
618 5938246 5806 
619 5944052 5827 
620 5949879 5817 
621 5955696 5791 
622 5961487 5816 
623 5967303 5787 
624 5973090 5783 
625 5978873 5834 
626 5984707 5768 
627 5990475 5802 
628 5996277 5791 
629 6002068 5765 
630 6007833 5729 
631 6013562 5784 
632 6019346 5754 
633 6025100 5759 
634 6030859 5759 
635 6036618 5727 
636 6042345 5717 
637 6048062 5700 
638 6053762 5748 
639 6059510 5747 
640 6065257 5696 
641 6070953 5690 
642 6076643 5699 
643 6082342 5696 
644 6088038 5699 
645 6093737 5693 
646 6099430 5661 
647 6105091 5706 
648 6110797 5706 
649 6116503 5687 
650 6122190 5676 
651 6127866 5647 
652 6133513 5680 
653 6139193 5685 
654 6144878 5621 
655 6150499 5607 
656 6156106 5611 
657 6161717 5626 
658 6167343 5618 
659 6172961 5595 
660 6178556 5579 
661 6184135 5573 
662 6189708 5580 
663 6195288 5548 
664 6200836 5544 
665 6206380 5557 
666 6211937 5521 
667 6217458 5559 
668 6223017 5537 
669 6228554 5494 
670 6234048 5560 
671 6239608 5504 
672 6245112 5534 
673 6250646 5498 
674 6256144 5542 
675 6261686 5512 
676 6267198 5499 
677 6272697 5540 
678 6278237 5496 
679 6283733 5493 
680 6289226 5514 
681 6294740 5562 
682 6300302 5490 
683 6305792 5533 
684 6311325 5493 
685 6316818 5450 
686 6322268 5476 
687 6327744 5453 
688 6333197 5478 
689 6338675 5456 
690 6344131 5415 
691 6349546 5455 
692 6355001 5427 
693 6360428 5453 
694 6365881 5456 
695 6371337 5481 
696 6376818 5414 
697 6382232 5469 
698 6387701 5421 
699 6393122 5429 
700 6398551 5417 
701 6403968 5420 
702 6409388 5469 
703 6414857 5444 
704 6420301 5389 
705 6425690 5446 
706 6431136 5414 
707 6436550 5377 
708 6441927 5428 
709 6447355 5376 
710 6452731 5371 
711 6458102 5404 
712 6463506 5379 
713 6468885 5377 
714 6474262 5384 
715 6479646 5382 
716 6485028 5361 
717 6490389 5391 
718 6495780 5372 
719 6501152 5359 
720 6506511 5356 
721 6511867 5355 
722 6517222 5327 
723 6522549 5337 
724 6527886 5322 
725 6533208 5337 
726 6538545 5308 
727 6543853 5373 
728 6549226 5319 
729 6554545 5304 
730 6559849 5320 
731 6565169 5322 
732 6570491 5274 
733 6575765 5338 
734 6581103 5300 
735 6586403 5324 
736 6591727 5262 
737 6596989 5281 
738 6602270 5273 
739 6607543 5265 
740 6612808 5252 
741 6618060 5253 
742 6623313 5247 
743 6628560 5244 
744 6633804 5285 
745 6639089 5257 
746 6644346 5260 
747 6649606 5261 
748 6654867 5259 
749 6660126 5252 
750 6665378 5224 
751 6670602 5218 
752 6675820 5196 
753 6681016 5195 
754 6686211 5228 
755 6691439 5204 
756 6696643 5201 
757 6701844 5200 
758 6707044 5181 
759 6712225 5172 
760 6717397 5200 
761 6722597 5165 
762 6727762 5182 
763 6732944 5140 
764 6738084 5106 
765 6743190 5154 
766 6748344 5149 
767 6753493 5120 
768 6758613 5133 
769 6763746 5117 
770 6768863 5093 
771 6773956 5105 
772 6779061 5144 
773 6784205 5097 
774 6789302 5133 
775 6794435 5086 
776 6799521 5119 
777 6804640 5091 
778 6809731 5114 
779 6814845 5039 
780 6819884 5073 
781 6824957 5076 
782 6830033 5093 
783 6835126 5062 
784 6840188 5047 
785 6845235 5021 
786 6850256 5108 
787 6855364 5008 
788 6860372 5002 
789 6865374 5025 
790 6870399 4995 
791 6875394 5012 
792 6880406 5014 
793 6885420 4994 
794 6890414 5018 
795 6895432 5009 
796 6900441 4966 
797 6905407 4988 
798 6910395 5003 
799 6915398 4973 
800 6920371 4969 
801 6925340 4952 
802 6930292 5026 
803 6935318 4959 
804 6940277 4972 
805 6945249 4950 
806 6950199 4947 
807 6955146 4924 
808 6960070 4879 
809 6964949 4898 
810 6969847 4895 
811 6974742 4969 
812 6979711 4934 
813 6984645 4873 
814 6989518 4885 
815 6994403 4848 
816 6999251 4839 
817 7004090 4856 
818 7008946 4839 
819 7013785 4847 
820 7018632 4861 
821 7023493 4905 
822 7028398 4851 
823 7033249 4796 
824 7038045 4832 
825 7042877 4830 
826 7047707 4832 
827 7052539 4829 
828 7057368 4819 
829 7062187 4784 
830 7066971 4812 
831 7071783 4808 
832 7076591 4786 
833 7081377 4793 
834 7086170 4819 
835 7090989 4792 
836 7095781 4808 
837 7100589 4781 
838 7105370 4806 
839 7110176 4773 
840 7114949 4797 
841 7119746 4794 
842 7124540 4786 
843 7129326 4769 
844 7134095 4771 
845 7138866 4753 
846 7143619 4731 
847 7148350 4774 
848 7153124 4730 
849 7157854 4717 
850 7162571 4774 
851 7167345 4747 
852 7172092 4732 
853 7176824 4741 
854 7181565 4748 
855 7186313 4703 
856 7191016 4745 
857 7195761 4707 
858 7200468 4729 
859 7205197 4702 
860 7209899 4695 
861 7214594 4703 
862 7219297 4672 
863 7223969 4673 
864 7228642 4684 
865 7233326 4697 
866 7238023 4692 
867 7242715 4715 
868 7247430 4670 
869 7252100 4697 
870 7256797 4698 
871 7261495 4692 
872 7266187 4666 
873 7270853 4708 
874 7275561 4656 
875 7280217 4675 
876 7284892 4639 
877 7289531 4634 
878 7294165 4701 
879 7298866 4654 
880 7303520 4646 
881 7308166 4625 
882 7312791 4625 
883 7317416 4621 
884 7322037 4639 
885 7326676 4638 
886 7331314 4620 
887 7335934 4642 
888 7340576 4601 
889 7345177 4605 
890 7349782 4600 
891 7354382 4598 
892 7358980 4629 
893 7363609 4589 
894 7368198 4630 
895 7372828 4582 
896 7377410 4608 
897 7382018 4617 
898 7386635 4579 
899 7391214 4574 
900 7395788 4575 
901 7400363 4596 
902 7404959 4571 
903 7409530 4595 
904 7414125 4589 
905 7418714 4586 
906 7423300 4567 
907 7427867 4589 
908 7432456 4560 
909 7437016 4547 
910 7441563 4546 
911 7446109 4531 
912 7450640 4509 
913 7455149 4507 
914 7459656 4484 
915 7464140 4512 
916 7468652 4504 
917 7473156 4517 
918 7477673 4548 
919 7482221 4506 
920 7486727 4515 
921 7491242 4524 
922 7495766 4491 
923 7500257 4497 
924 7504754 4493 
925 7509247 4498 
926 7513745 4478 
927 7518223 4463 
928 7522686 4469 
929 7527155 4479 
930 7531634 4446 
931 7536080 4488 
932 7540568 4467 
933 7545035 4439 
934 7549474 4451 
935 7553925 4464 
936 7558389 4487 
937 7562876 4448 
938 7567324 4458 
939 7571782 4443 
940 7576225 4413 
941 7580638 4438 
942 7585076 4439 
943 7589515 4442 
944 7593957 4427 
945 7598384 4389 
946 7602773 4440 
947 7607213 4404 
948 7611617 4394 
949 7616011 4403 
950 7620414 4427 
951 7624841 4418 
952 7629259 4405 
953 7633664 4407 
954 7638071 4398 
955 7642469 4370 
956 7646839 4380 
957 7651219 4376 
958 7655595 4384 
959 7659979 4392 
960 7664371 4370 
961 7668741 4409 
962 7673150 4404 
963 7677554 4381 
964 7681935 4389 
965 7686324 4337 
966 7690661 4365 
967 7695026 4405 
968 7699431 4375 
969 7703806 4371 
970 7708177 4380 
971 7712557 4376 
972 7716933 4334 
973 7721267 4331 
974 7725598 4340 
975 7729938 4403 
976 7734341 4315 
977 7738656 4338 
978 7742994 4332 
979 7747326 4331 
980 7751657 4313 
981 7755970 4311 
982 7760281 4321 
983 7764602 4318 
984 7768920 4305 
985 7773225 4285 
986 7777510 4292 
987 7781802 4279 
988 7786081 4272 
989 7790353 4322 
990 7794675 4311 
991 7798986 4301 
992 7803287 4296 
993 7807583 4272 
994 7811855 4295 
995 7816150 4257 
996 7820407 4260 
997 7824667 4273 
998 7828940 4242 
999 7833182 4237 
1000 7837419 4255 
1001 7841674 4232 
1002 7845906 4250 
1003 7850156 4223 
1004 7854379 4234 
1005 7858613 4232 
1006 7862845 4224 
1007 7867069 4224 
1008 7871293 4251 
1009 7875544 4212 
1010 7879756 4236 
1011 7883992 4203 
1012 7888195 4197 
1013 7892392 4235 
1014 7896627 4225 
1015 7900852 4237 
1016 7905089 4203 
1017 7909292 4185 
1018 7913477 4219 
1019 7917696 4177 
1020 7921873 4199 
1021 7926072 4168 
1022 7930240 4181 
1023 7934421 4191 
1024 7938612 4182 
1025 7942794 4198 
1026 7946992 4164 
1027 7951156 4175 
1028 7955331 4170 
1029 7959501 4145 
1030 7963646 4171 
1031 7967817 4152 
1032 7971969 4150 
1033 7976119 4165 
1034 7980284 4137 
1035 7984421 4164 
1036 7988585 4128 
1037 7992713 4111 
1038 7996824 4178 
1039 8001002 4162 
1040 8005164 4112 
1041 8009276 4138 
1042 8013414 4114 
1043 8017528 4107 
1044 8021635 4104 
1045 8025739 4102 
1046 8029841 4083 
1047 8033924 4090 
1048 8038014 4072 
1049 8042086 4113 
1050 8046199 4052 
1051 8050251 4061 
1052 8054312 4111 
1053 8058423 4049 
1054 8062472 4050 
1055 8066522 4069 
1056 8070591 4077 
1057 8074668 4050 
1058 8078718 4060 
1059 8082778 4086 
1060 8086864 4097 
1061 8090961 4104 
1062 8095065 4073 
1063 8099138 4065 
1064 8103203 4045 
1065 8107248 4067 
1066 8111315 4030 
1067 8115345 4026 
1068 8119371 4048 
1069 8123419 4030 
1070 8127449 4066 
1071 8131515 4036 
1072 8135551 4055 
1073 8139606 4053 
1074 8143659 4071 
1075 8147730 4056 
1076 8151786 4023 
1077 8155809 4034 
1078 8159843 4037 
1079 8163880 4018 
1080 8167898 4028 
1081 8171926 4040 
1082 8175966 4035 
1083 8180001 4076 
1084 8184077 4017 
1085 8188094 3970 
1086 8192064 4010 
1087 8196074 3987 
1088 8200061 3986 
1089 8204047 3978 
1090 8208025 4009 
1091 8212034 4009 
1092 8216043 3965 
1093 8220008 4004 
1094 8224012 4006 
1095 8228018 4016 
1096 8232034 3997 
1097 8236031 3985 
1098 8240016 3993 
1099 8244009 4004 
1100 8248013 4016 
1101 8252029 3948 
1102 8255977 3978 
1103 8259955 3963 
1104 8263918 3961 
1105 8267879 3934 
1106 8271813 3931 
1107 8275744 3975 
1108 8279719 3949 
1109 8283668 3970 
1110 8287638 3948 
1111 8291586 3931 
1112 8295517 3922 
1113 8299439 3902 
1114 8303341 3936 
1115 8307277 3942 
1116 8311219 3977 
1117 8315196 3917 
1118 8319113 3960 
1119 8323073 3931 
1120 8327004 3906 
1121 8330910 3983 
1122 8334893 3921 
1123 8338814 3884 
1124 8342698 3916 
1125 8346614 3917 
1126 8350531 3930 
1127 8354461 3903 
1128 8358364 3898 
1129 8362262 3896 
1130 8366158 3875 
1131 8370033 3874 
1132 8373907 3842 
1133 8377749 3896 
1134 8381645 3866 
1135 8385511 3851 
1136 8389362 3893 
1137 8393255 3894 
1138 8397149 3879 
1139 8401028 3875 
1140 8404903 3935 
1141 8408838 3884 
1142 8412722 3900 
1143 8416622 3839 
1144 8420461 3851 
1145 8424312 3853 
1146 8428165 3873 
1147 8432038 3839 
1148 8435877 3846 
1149 8439723 3823 
1150 8443546 3830 
1151 8447376 3838 
1152 8451214 3838 
1153 8455052 3852 
1154 8458904 3808 
1155 8462712 3872 
1156 8466584 3825 
1157 8470409 3813 
1158 8474222 3823 
1159 8478045 3850 
1160 8481895 3878 
1161 8485773 3823 
1162 8489596 3830 
1163 8493426 3816 
1164 8497242 3836 
1165 8501078 3798 
1166 8504876 3849 
1167 8508725 3796 
1168 8512521 3792 
1169 8516313 3802 
1170 8520115 3817 
1171 8523932 3805 
1172 8527737 3801 
1173 8531538 3808 
1174 8535346 3797 
1175 8539143 3803 
1176 8542946 3791 
1177 8546737 3786 
1178 8550523 3831 
1179 8554354 3791 
1180 8558145 3787 
1181 8561932 3810 
1182 8565742 3787 
1183 8569529 3806 
1184 8573335 3821 
1185 8577156 3762 
1186 8580918 3775 
1187 8584693 3777 
1188 8588470 3770 
1189 8592240 3772 
1190 8596012 3745 
1191 8599757 3758 
1192 8603515 3768 
1193 8607283 3748 
1194 8611031 3766 
1195 8614797 3771 
1196 8618568 3757 
1197 8622325 3792 
1198 8626117 3746 
1199 8629863 3760 
1200 8633623 3725 
1201 8637348 3760 
1202 8641108 3743 
1203 8644851 3803 
1204 8648654 3748 
1205 8652402 3715 
1206 8656117 3742 
1207 8659859 3749 
1208 8663608 3768 
1209 8667376 3717 
1210 8671093 3724 
1211 8674817 3722 
1212 8678539 3747 
1213 8682286 3693 
1214 8685979 3721 
1215 8689700 3717 
1216 8693417 3707 
1217 8697124 3684 
1218 8700808 3702 
1219 8704510 3725 
1220 8708235 3714 
1221 8711949 3697 
1222 8715646 3678 
1223 8719324 3702 
1224 8723026 3717 
1225 8726743 3692 
1226 8730435 3692 
1227 8734127 3693 
1228 8737820 3682 
1229 8741502 3650 
1230 8745152 3676 
1231 8748828 3680 
1232 8752508 3659 
1233 8756167 3687 
1234 8759854 3675 
1235 8763529 3659 
1236 8767188 3652 
1237 8770840 3671 
1238 8774511 3659 
1239 8778170 3661 
1240 8781831 3635 
1241 8785466 3642 
1242 8789108 3663 
1243 8792771 3632 
1244 8796403 3655 
1245 8800058 3677 
1246 8803735 3675 
1247 8807410 3641 
1248 8811051 3674 
1249 8814725 3658 
1250 8818383 3615 
1251 8821998 3636 
1252 8825634 3673 
1253 8829307 3615 
1254 8832922 3618 
1255 8836540 3628 
1256 8840168 3646 
1257 8843814 3639 
1258 8847453 3628 
1259 8851081 3650 
1260 8854731 3611 
1261 8858342 3623 
1262 8861965 3593 
1263 8865558 3620 
1264 8869178 3623 
1265 8872801 3622 
1266 8876423 3596 
1267 8880019 3631 
1268 8883650 3577 
1269 8887227 3590 
1270 8890817 3594 
1271 8894411 3597 
1272 8898008 3568 
1273 8901576 3595 
1274 8905171 3589 
1275 8908760 3627 
1276 8912387 3574 
1277 8915961 3574 
1278 8919535 3599 
1279 8923134 3592 
1280 8926726 3583 
1281 8930309 3570 
1282 8933879 3587 
1283 8937466 3560 
1284 8941026 3583 
1285 8944609 3547 
1286 8948156 3583 
1287 8951739 3586 
1288 8955325 3605 
1289 8958930 3545 
1290 8962475 3562 
1291 8966037 3554 
1292 8969591 3545 
1293 8973136 3537 
1294 8976673 3543 
1295 8980216 3536 
1296 8983752 3555 
1297 8987307 3527 
1298 8990834 3559 
1299 8994393 3547 
1300 8997940 3538 
1301 9001478 3536 
1302 9005014 3518 
1303 9008532 3549 
1304 9012081 3540 
1305 9015621 3526 
1306 9019147 3517 
1307 9022664 3521 
1308 9026185 3495 
1309 9029680 3510 
1310 9033190 3515 
1311 9036705 3487 
1312 9040192 3527 
1313 9043719 3552 
1314 9047271 3524 
1315 9050795 3512 
1316 9054307 3496 
1317 9057803 3499 
1318 9061302 3503 
1319 9064805 3515 
1320 9068320 3506 
1321 9071826 3480 
1322 9075306 3467 
1323 9078773 3481 
1324 9082254 3517 
1325 9085771 3506 
1326 9089277 3489 
1327 9092766 3473 
1328 9096239 3492 
1329 9099731 3506 
1330 9103237 3481 
1331 9106718 3483 
1332 9110201 3452 
1333 9113653 3464 
1334 9117117 3460 
1335 9120577 3446 
1336 9124023 3435 
1337 9127458 3465 
1338 9130923 3465 
1339 9134388 3442 
1340 9137830 3431 
1341 9141261 3454 
1342 9144715 3466 
1343 9148181 3472 
1344 9151653 3462 
1345 9155115 3470 
1346 9158585 3462 
1347 9162047 3503 
1348 9165550 3449 
1349 9168999 3464 
1350 9172463 3425 
1351 9175888 3432 
1352 9179320 3413 
1353 9182733 3461 
1354 9186194 3430 
1355 9189624 3414 
1356 9193038 3399 
1357 9196437 3420 
1358 9199857 3419 
1359 9203276 3437 
1360 9206713 3430 
1361 9210143 3422 
1362 9213565 3418 
1363 9216983 3421 
1364 9220404 3402 
1365 9223806 3368 
1366 9227174 3424 
1367 9230598 3395 
1368 9233993 3397 
1369 9237390 3372 
1370 9240762 3431 
1371 9244193 3378 
1372 9247571 3405 
1373 9250976 3376 
1374 9254352 3371 
1375 9257723 3400 
1376 9261123 3386 
1377 9264509 3398 
1378 9267907 3348 
1379 9271255 3410 
1380 9274665 3383 
1381 9278048 3423 
1382 9281471 3320 
1383 9284791 3364 
1384 9288155 3376 
1385 9291531 3388 
1386 9294919 3349 
1387 9298268 3386 
1388 9301654 3376 
1389 9305030 3355 
1390 9308385 3360 
1391 9311745 3355 
1392 9315100 3338 
1393 9318438 3341 
1394 9321779 3338 
1395 9325117 3360 
1396 9328477 3351 
1397 9331828 3380 
1398 9335208 3367 
1399 9338575 3359 
1400 9341934 3351 
1401 9345285 3342 
1402 9348627 3327 
1403 9351954 3341 
1404 9355295 3315 
1405 9358610 3341 
1406 9361951 3350 
1407 9365301 3302 
1408 9368603 3317 
1409 9371920 3311 
1410 9375231 3308 
1411 9378539 3304 
1412 9381843 3344 
1413 9385187 3313 
1414 9388500 3321 
1415 9391821 3300 
1416 9395121 3309 
1417 9398430 3285 
1418 9401715 3286 
1419 9405001 3282 
1420 9408283 3247 
1421 9411530 3320 
1422 9414850 3287 
1423 9418137 3320 
1424 9421457 3338 
1425 9424795 3276 
1426 9428071 3284 
1427 9431355 3301 
1428 9434656 3268 
1429 9437924 3279 
1430 9441203 3300 
1431 9444503 3284 
1432 9447787 3261 
1433 9451048 3255 
1434 9454303 3260 
1435 9457563 3250 
1436 9460813 3267 
1437 9464080 3262 
1438 9467342 3244 
1439 9470586 3239 
1440 9473825 3231 
1441 9477056 3212 
1442 9480268 3221 
1443 9483489 3229 
1444 9486718 3209 
1445 9489927 3238 
1446 9493165 3234 
1447 9496399 3190 
1448 9499589 3222 
1449 9502811 3214 
1450 9506025 3222 
1451 9509247 3241 
1452 9512488 3215 
1453 9515703 3178 
1454 9518881 3233 
1455 9522114 3207 
1456 9525321 3186 
1457 9528507 3175 
1458 9531682 3188 
1459 9534870 3170 
1460 9538040 3160 
1461 9541200 3203 
1462 9544403 3183 
1463 9547586 3164 
1464 9550750 3184 
1465 9553934 3180 
1466 9557114 3205 
1467 9560319 3164 
1468 9563483 3191 
1469 9566674 3187 
1470 9569861 3175 
1471 9573036 3165 
1472 9576201 3141 
1473 9579342 3170 
1474 9582512 3131 
1475 9585643 3146 
1476 9588789 3133 
1477 9591922 3137 
1478 9595059 3150 
1479 9598209 3133 
1480 9601342 3132 
1481 9604474 3136 
1482 9607610 3144 
1483 9610754 3140 
1484 9613894 3157 
1485 9617051 3123 
1486 9620174 3120 
1487 9623294 3155 
1488 9626449 3131 
1489 9629580 3136 
1490 9632716 3116 
1491 9635832 3100 
1492 9638932 3132 
1493 9642064 3122 
1494 9645186 3147 
1495 9648333 3124 
1496 9651457 3103 
1497 9654560 3091 
1498 9657651 3128 
1499 9660779 3102 
1500 9663881 3089 
1501 9666970 3097 
1502 9670067 3117 
1503 9673184 3097 
1504 9676281 3100 
1505 9679381 3063 
1506 9682444 3081 
1507 9685525 3102 
1508 9688627 3086 
1509 9691713 3098 
1510 9694811 3079 
1511 9697890 3106 
1512 9700996 3055 
1513 9704051 3065 
1514 9707116 3091 
1515 9710207 3059 
1516 9713266 3081 
1517 9716347 3053 
1518 9719400 3046 
1519 9722446 3094 
1520 9725540 3079 
1521 9728619 3055 
1522 9731674 3080 
1523 9734754 3084 
1524 9737838 3022 
1525 9740860 3054 
1526 9743914 3039 
1527 9746953 3051 
1528 9750004 3024 
1529 9753028 3035 
1530 9756063 3041 
1531 9759104 3024 
1532 9762128 3010 
1533 9765138 3035 
1534 9768173 3070 
1535 9771243 3015 
1536 9774258 3035 
1537 9777293 3027 
1538 9780320 3006 
1539 9783326 3044 
1540 9786370 3008 
1541 9789378 2995 
1542 9792373 3039 
1543 9795412 3038 
1544 9798450 2993 
1545 9801443 2999 
1546 9804442 3030 
1547 9807472 2990 
1548 9810462 3003 
1549 9813465 2993 
1550 9816458 2973 
1551 9819431 2977 
1552 9822408 2978 
1553 9825386 3037 
1554 9828423 2972 
1555 9831395 2957 
1556 9834352 2977 
1557 9837329 2954 
1558 9840283 3009 
1559 9843292 2974 
1560 9846266 2966 
1561 9849232 2961 
1562 9852193 2947 
1563 9855140 2974 
1564 9858114 2951 
1565 9861065 2976 
1566 9864041 2966 
1567 9867007 2984 
1568 9869991 2960 
1569 9872951 2950 
1570 9875901 2961 
1571 9878862 2958 
1572 9881820 2970 
1573 9884790 2959 
1574 9887749 2960 
1575 9890709 2962 
1576 9893671 2927 
1577 9896598 2968 
1578 9899566 2960 
1579 9902526 2955 
1580 9905481 2984 
1581 9908465 2956 
1582 9911421 2943 
1583 9914364 2925 
1584 9917289 2935 
1585 9920224 2936 
1586 9923160 2916 
1587 9926076 2905 
1588 9928981 2902 
1589 9931883 2921 
1590 9934804 2889 
1591 9937693 2930 
1592 9940623 2909 
1593 9943532 2922 
1594 9946454 2894 
1595 9949348 2891 
1596 9952239 2914 
1597 9955153 2889 
1598 9958042 2907 
1599 9960949 2886 
1600 9963835 2942 
1601 9966777 2912 
1602 9969689 2906 
1603 9972595 2892 
1604 9975487 2870 
1605 9978357 2914 
1606 9981271 2895 
1607 9984166 2893 
1608 9987059 2857 
1609 9989916 2901 
1610 9992817 2851 
1611 9995668 2860 
1612 9998528 2910 
1613 10001438 2865 
1614 10004303 2856 
1615 10007159 2853 
1616 10010012 2872 
1617 10012884 2839 
1618 10015723 2860 
1619 10018583 2836 
1620 10021419 2828 
1621 10024247 2870 
1622 10027117 2861 
1623 10029978 2827 
1624 10032805 2836 
1625 10035641 2861 
1626 10038502 2830 
1627 10041332 2841 
1628 10044173 2840 
1629 10047013 2834 
1630 10049847 2840 
1631 10052687 2860 
1632 10055547 2876 
1633 10058423 2826 
1634 10061249 2817 
1635 10064066 2826 
1636 10066892 2871 
1637 10069763 2845 
1638 10072608 2795 
1639 10075403 2808 
1640 10078211 2850 
1641 10081061 2826 
1642 10083887 2906 
1643 10086793 2813 
1644 10089606 2788 
1645 10092394 2810 
1646 10095204 2819 
1647 10098023 2811 
1648 10100834 2798 
1649 10103632 2828 
1650 10106460 2815 
1651 10109275 2852 
1652 10112127 2801 
1653 10114928 2819 
1654 10117747 2792 
1655 10120539 2783 
1656 10123322 2785 
1657 10126107 2768 
1658 10128875 2757 
1659 10131632 2801 
1660 10134433 2775 
1661 10137208 2771 
1662 10139979 2776 
1663 10142755 2758 
1664 10145513 2803 
1665 10148316 2803 
1666 10151119 2752 
1667 10153871 2783 
1668 10156654 2760 
1669 10159414 2760 
1670 10162174 2744 
1671 10164918 2738 
1672 10167656 2765 
1673 10170421 2761 
1674 10173182 2740 
1675 10175922 2748 
1676 10178670 2773 
1677 10181443 2728 
1678 10184171 2773 
1679 10186944 2752 
1680 10189696 2721 
1681 10192417 2735 
1682 10195152 2723 
1683 10197875 2737 
1684 10200612 2744 
1685 10203356 2748 
1686 10206104 2729 
1687 10208833 2704 
1688 10211537 2718 
1689 10214255 2719 
1690 10216974 2700 
1691 10219674 2790 
1692 10222464 2708 
1693 10225172 2701 
1694 10227873 2730 
1695 10230603 2718 
1696 10233321 2722 
1697 10236043 2715 
1698 10238758 2709 
1699 10241467 2702 
1700 10244169 2696 
1701 10246865 2726 
1702 10249591 2747 
1703 10252338 2695 
1704 10255033 2703 
1705 10257736 2689 
1706 10260425 2689 
1707 10263114 2670 
1708 10265784 2680 
1709 10268464 2703 
1710 10271167 2714 
1711 10273881 2715 
1712 10276596 2682 
1713 10279278 2663 
1714 10281941 2700 
1715 10284641 2713 
1716 10287354 2696 
1717 10290050 2693 
1718 10292743 2692 
1719 10295435 2678 
1720 10298113 2671 
1721 10300784 2679 
1722 10303463 2660 
1723 10306123 2679 
1724 10308802 2670 
1725 10311472 2719 
1726 10314191 2666 
1727 10316857 2634 
1728 10319491 2674 
1729 10322165 2643 
1730 10324808 2654 
1731 10327462 2686 
1732 10330148 2648 
1733 10332796 2668 
1734 10335464 2634 
1735 10338098 2636 
1736 10340734 2621 
1737 10343355 2635 
1738 10345990 2632 
1739 10348622 2620 
1740 10351242 2637 
1741 10353879 2624 
1742 10356503 2614 
1743 10359117 2630 
1744 10361747 2663 
1745 10364410 2629 
1746 10367039 2651 
1747 10369690 2627 
1748 10372317 2621 
1749 10374938 2647 
1750 10377585 2613 
1751 10380198 2601 
1752 10382799 2625 
1753 10385424 2628 
1754 10388052 2614 
1755 10390666 2614 
1756 10393280 2617 
1757 10395897 2599 
1758 10398496 2599 
1759 10401095 2645 
1760 10403740 2602 
1761 10406342 2589 
1762 10408931 2630 
1763 10411561 2612 
1764 10414173 2590 
1765 10416763 2616 
1766 10419379 2596 
1767 10421975 2580 
1768 10424555 2602 
1769 10427157 2613 
1770 10429770 2594 
1771 10432364 2609 
1772 10434973 2591 
1773 10437564 2590 
1774 10440154 2587 
1775 10442741 2584 
1776 10445325 2595 
1777 10447920 2565 
1778 10450485 2600 
1779 10453085 2680 
1780 10455765 2546 
1781 10458311 2588 
1782 10460899 2579 
1783 10463478 2553 
1784 10466031 2557 
1785 10468588 2576 
1786 10471164 2557 
1787 10473721 2590 
1788 10476311 2579 
1789 10478890 2557 
1790 10481447 2546 
1791 10483993 2563 
1792 10486556 2552 
1793 10489108 2566 
1794 10491674 2552 
1795 10494226 2577 
1796 10496803 2555 
1797 10499358 2580 
1798 10501938 2597 
1799 10504535 2590 
1800 10507125 2533 
1801 10509658 2536 
1802 10512194 2520 
1803 10514714 2547 
1804 10517261 2566 
1805 10519827 2570 
1806 10522397 2532 
1807 10524929 2539 
1808 10527468 2568 
1809 10530036 2538 
1810 10532574 2505 
1811 10535079 2546 
1812 10537625 2520 
1813 10540145 2530 
1814 10542675 2532 
1815 10545207 2550 
1816 10547757 2540 
1817 10550297 2516 
1818 10552813 2555 
1819 10555368 2527 
1820 10557895 2542 
1821 10560437 2533 
1822 10562970 2499 
1823 10565469 2506 
1824 10567975 2511 
1825 10570486 2516 
1826 10573002 2496 
1827 10575498 2499 
1828 10577997 2515 
1829 10580512 2483 
1830 10582995 2537 
1831 10585532 2511 
1832 10588043 2480 
1833 10590523 2473 
1834 10592996 2490 
1835 10595486 2509 
1836 10597995 2535 
1837 10600530 2510 
1838 10603040 2472 
1839 10605512 2513 
1840 10608025 2475 
1841 10610500 2487 
1842 10612987 2473 
1843 10615460 2490 
1844 10617950 2473 
1845 10620423 2503 
1846 10622926 2466 
1847 10625392 2508 
1848 10627900 2484 
1849 10630384 2481 
1850 10632865 2487 
1851 10635352 2504 
1852 10637856 2485 
1853 10640341 2487 
1854 10642828 2446 
1855 10645274 2481 
1856 10647755 2447 
1857 10650202 2432 
1858 10652634 2461 
1859 10655095 2477 
1860 10657572 2448 
1861 10660020 2450 
1862 10662470 2451 
1863 10664921 2470 
1864 10667391 2435 
1865 10669826 2467 
1866 10672293 2437 
1867 10674730 2416 
1868 10677146 2447 
1869 10679593 2449 
1870 10682042 2407 
1871 10684449 2409 
1872 10686858 2404 
1873 10689262 2447 
1874 10691709 2422 
1875 10694131 2435 
1876 10696566 2438 
1877 10699004 2424 
1878 10701428 2437 
1879 10703865 2440 
1880 10706305 2440 
1881 10708745 2422 
1882 10711167 2444 
1883 10713611 2415 
1884 10716026 2410 
1885 10718436 2396 
1886 10720832 2385 
1887 10723217 2396 
1888 10725613 2410 
1889 10728023 2402 
1890 10730425 2379 
1891 10732804 2399 
1892 10735203 2406 
1893 10737609 2438 
1894 10740047 2408 
1895 10742455 2374 
1896 10744829 2389 
1897 10747218 2399 
1898 10749617 2402 
1899 10752019 2407 
1900 10754426 2367 
1901 10756793 2377 
1902 10759170 2386 
1903 10761556 2385 
1904 10763941 2402 
1905 10766343 2394 
1906 10768737 2371 
1907 10771108 2376 
1908 10773484 2372 
1909 10775856 2355 
1910 10778211 2346 
1911 10780557 2352 
1912 10782909 2348 
1913 10785257 2370 
1914 10787627 2363 
1915 10789990 2337 
1916 10792327 2369 
1917 10794696 2351 
1918 10797047 2353 
1919 10799400 2352 
1920 10801752 2341 
1921 10804093 2498 
1922 10806591 2401 
1923 10808992 2367 
1924 10811359 2362 
1925 10813721 2372 
1926 10816093 2338 
1927 10818431 2337 
1928 10820768 2329 
1929 10823097 2323 
1930 10825420 2362 
1931 10827782 2339 
1932 10830121 2305 
1933 10832426 2310 
1934 10834736 2328 
1935 10837064 2326 
1936 10839390 2311 
1937 10841701 2339 
1938 10844040 2320 
1939 10846360 2294 
1940 10848654 2314 
1941 10850968 2287 
1942 10853255 2317 
1943 10855572 2318 
1944 10857890 2288 
1945 10860178 2297 
1946 10862475 2298 
1947 10864773 2307 
1948 10867080 2305 
1949 10869385 2292 
1950 10871677 2295 
1951 10873972 2266 
1952 10876238 2309 
1953 10878547 2301 
1954 10880848 2299 
1955 10883147 2310 
1956 10885457 2274 
1957 10887731 2268 
1958 10889999 2329 
1959 10892328 2244 
1960 10894572 2255 
1961 10896827 2258 
1962 10899085 2263 
1963 10901348 2261 
1964 10903609 2268 
1965 10905877 2237 
1966 10908114 2283 
1967 10910397 2261 
1968 10912658 2264 
1969 10914922 2250 
1970 10917172 2249 
1971 10919421 2222 
1972 10921643 2250 
1973 10923893 2226 
1974 10926119 2242 
1975 10928361 2217 
1976 10930578 2217 
1977 10932795 2220 
1978 10935015 2239 
1979 10937254 2233 
1980 10939487 2208 
1981 10941695 2202 
1982 10943897 2198 
1983 10946095 2222 
1984 10948317 2217 
1985 10950534 2201 
1986 10952735 2243 
1987 10954978 2221 
1988 10957199 2233 
1989 10959432 2204 
1990 10961636 2218 
1991 10963854 2191 
1992 10966045 2204 
1993 10968249 2187 
1994 10970436 2189 
1995 10972625 2242 
1996 10974867 2212 
1997 10977079 2236 
1998 10979315 2195 
1999 10981510 2170 
2000 10983680 2229 
2001 10985909 2195 
2002 10988104 2214 
2003 10990318 2183 
2004 10992501 2179 
2005 10994680 2165 
2006 10996845 2216 
2007 10999061 2171 
2008 11001232 2205 
2009 11003437 2199 
2010 11005636 2153 
2011 11007789 2184 
2012 11009973 2169 
2013 11012142 2176 
2014 11014318 2166 
2015 11016484 2171 
2016 11018655 2170 
2017 11020825 2169 
2018 11022994 2147 
2019 11025141 2170 
2020 11027311 2161 
2021 11029472 2155 
2022 11031627 2151 
2023 11033778 2179 
2024 11035957 2156 
2025 11038113 2172 
2026 11040285 2193 
2027 11042478 2152 
2028 11044630 2143 
2029 11046773 2144 
2030 11048917 2164 
2031 11051081 2152 
2032 11053233 2168 
2033 11055401 2202 
2034 11057603 2158 
2035 11059761 2162 
2036 11061923 2138 
2037 11064061 2132 
2038 11066193 2123 
2039 11068316 2131 
2040 11070447 2141 
2041 11072588 2160 
2042 11074748 2142 
2043 11076890 2155 
2044 11079045 2123 
2045 11081168 2105 
2046 11083273 2087 
2047 11085360 2094 
2048 11087454 2136 
2049 11089590 2142 
2050 11091732 2107 
2051 11093839 2094 
2052 11095933 2113 
2053 11098046 2138 
2054 11100184 2105 
2055 11102289 2090 
2056 11104379 2091 
2057 11106470 2089 
2058 11108559 2114 
2059 11110673 2103 
2060 11112776 2098 
2061 11114874 2121 
2062 11116995 2066 
2063 11119061 2084 
2064 11121145 2104 
2065 11123249 2118 
2066 11125367 2083 
2067 11127450 2095 
2068 11129545 2085 
2069 11131630 2079 
2070 11133709 2109 
2071 11135818 2099 
2072 11137917 2105 
2073 11140022 2077 
2074 11142099 2080 
2075 11144179 2099 
2076 11146278 2075 
2077 11148353 2088 
2078 11150441 2088 
2079 11152529 2066 
2080 11154595 2058 
2081 11156653 2045 
2082 11158698 2060 
2083 11160758 2068 
2084 11162826 2075 
2085 11164901 2078 
2086 11166979 2133 
2087 11169112 2051 
2088 11171163 2088 
2089 11173251 2048 
2090 11175299 2053 
2091 11177352 2032 
2092 11179384 2036 
2093 11181420 2082 
2094 11183502 2047 
2095 11185549 2077 
2096 11187626 2059 
2097 11189685 2057 
2098 11191742 2050 
2099 11193792 2009 
2100 11195801 2048 
2101 11197849 2065 
2102 11199914 1994 
2103 11201908 2030 
2104 11203938 2014 
2105 11205952 2056 
2106 11208008 2037 
2107 11210045 1996 
2108 11212041 2003 
2109 11214044 2037 
2110 11216081 2035 
2111 11218116 2012 
2112 11220128 1972 
2113 11222100 2020 
2114 11224120 2017 
2115 11226137 2022 
2116 11228159 2011 
2117 11230170 2000 
2118 11232170 2019 
2119 11234189 2018 
2120 11236207 2009 
2121 11238216 2008 
2122 11240224 1994 
2123 11242218 1984 
2124 11244202 1980 
2125 11246182 1967 
2126 11248149 1996 
2127 11250145 1969 
2128 11252114 1964 
2129 11254078 1965 
2130 11256043 1991 
2131 11258034 1973 
2132 11260007 1997 
2133 11262004 1992 
2134 11263996 1956 
2135 11265952 1963 
2136 11267915 1994 
2137 11269909 1979 
2138 11271888 1983 
2139 11273871 1974 
2140 11275845 1957 
2141 11277802 1979 
2142 11279781 1955 
2143 11281736 1954 
2144 11283690 1965 
2145 11285655 1959 
2146 11287614 1970 
2147 11289584 1933 
2148 11291517 1936 
2149 11293453 1922 
2150 11295375 1935 
2151 11297310 1932 
2152 11299242 1937 
2153 11301179 1936 
2154 11303115 1966 
2155 11305081 1948 
2156 11307029 1940 
2157 11308969 1915 
2158 11310884 1942 
2159 11312826 1924 
2160 11314750 1946 
2161 11316696 1949 
2162 11318645 1953 
2163 11320598 1968 
2164 11322566 1937 
2165 11324503 1910 
2166 11326413 1894 
2167 11328307 1952 
2168 11330259 1936 
2169 11332195 1912 
2170 11334107 1921 
2171 11336028 1906 
2172 11337934 1927 
2173 11339861 1934 
2174 11341795 1896 
2175 11343691 1903 
2176 11345594 1910 
2177 11347504 1889 
2178 11349393 1917 
2179 11351310 1919 
2180 11353229 1902 
2181 11355131 1877 
2182 11357008 1941 
2183 11358949 1867 
2184 11360816 1888 
2185 11362704 1879 
2186 11364583 1911 
2187 11366494 1885 
2188 11368379 1898 
2189 11370277 1887 
2190 11372164 1872 
2191 11374036 1887 
2192 11375923 1846 
2193 11377769 1889 
2194 11379658 1868 
2195 11381526 1857 
2196 11383383 1874 
2197 11385257 1875 
2198 11387132 1881 
2199 11389013 1875 
2200 11390888 1897 
2201 11392785 1873 
2202 11394658 1889 
2203 11396547 1865 
2204 11398412 1875 
2205 11400287 1870 
2206 11402157 1837 
2207 11403994 1873 
2208 11405867 1869 
2209 11407736 1846 
2210 11409582 1878 
2211 11411460 1866 
2212 11413326 1835 
2213 11415161 1840 
2214 11417001 1838 
2215 11418839 1857 
2216 11420696 1829 
2217 11422525 1871 
2218 11424396 1849 
2219 11426245 1863 
2220 11428108 1849 
2221 11429957 1835 
2222 11431792 1838 
2223 11433630 1842 
2224 11435472 1817 
2225 11437289 1852 
2226 11439141 1837 
2227 11440978 1828 
2228 11442806 1793 
2229 11444599 1857 
2230 11446456 1817 
2231 11448273 1837 
2232 11450110 1852 
2233 11451962 1848 
2234 11453810 1813 
2235 11455623 1815 
2236 11457438 1808 
2237 11459246 1809 
2238 11461055 1826 
2239 11462881 1803 
2240 11464684 1815 
2241 11466499 1806 
2242 11468305 1825 
2243 11470130 1768 
2244 11471898 1780 
2245 11473678 1799 
2246 11475477 1791 
2247 11477268 1806 
2248 11479074 1795 
2249 11480869 1792 
2250 11482661 1794 
2251 11484455 1806 
2252 11486261 1809 
2253 11488070 1778 
2254 11489848 1771 
2255 11491619 1814 
2256 11493433 1769 
2257 11495202 1783 
2258 11496985 1784 
2259 11498769 1767 
2260 11500536 1791 
2261 11502327 1788 
2262 11504115 1786 
2263 11505901 1801 
2264 11507702 1812 
2265 11509514 1786 
2266 11511300 1793 
2267 11513093 1741 
2268 11514834 1799 
2269 11516633 1776 
2270 11518409 1797 
2271 11520206 1758 
2272 11521964 1781 
2273 11523745 1762 
2274 11525507 1776 
2275 11527283 1757 
2276 11529040 1802 
2277 11530842 1764 
2278 11532606 1756 
2279 11534362 1785 
2280 11536147 1760 
2281 11537907 1787 
2282 11539694 1754 
2283 11541448 1751 
2284 11543199 1744 
2285 11544943 1743 
2286 11546686 1765 
2287 11548451 1742 
2288 11550193 1747 
2289 11551940 1755 
2290 11553695 1749 
2291 11555444 1773 
2292 11557217 1753 
2293 11558970 1724 
2294 11560694 1758 
2295 11562452 1777 
2296 11564229 1743 
2297 11565972 1728 
2298 11567700 1756 
2299 11569456 1710 
2300 11571166 1746 
2301 11572912 1703 
2302 11574615 1726 
2303 11576341 1728 
2304 11578069 1760 
2305 11579829 1718 
2306 11581547 1723 
2307 11583270 1715 
2308 11584985 1750 
2309 11586735 1690 
2310 11588425 1735 
2311 11590160 1711 
2312 11591871 1692 
2313 11593563 1711 
2314 11595274 1717 
2315 11596991 1704 
2316 11598695 1714 
2317 11600409 1708 
2318 11602117 1701 
2319 11603818 1714 
2320 11605532 1707 
2321 11607239 1730 
2322 11608969 1716 
2323 11610685 1690 
2324 11612375 1684 
2325 11614059 1700 
2326 11615759 1681 
2327 11617440 1688 
2328 11619128 1655 
2329 11620783 1673 
2330 11622456 1685 
2331 11624141 1659 
2332 11625800 1688 
2333 11627488 1675 
2334 11629163 1694 
2335 11630857 1682 
2336 11632539 1669 
2337 11634208 1657 
2338 11635865 1657 
2339 11637522 1658 
2340 11639180 1666 
2341 11640846 1653 
2342 11642499 1662 
2343 11644161 1661 
2344 11645822 1689 
2345 11647511 1630 
2346 11649141 1629 
2347 11650770 1651 
2348 11652421 1645 
2349 11654066 1665 
2350 11655731 1665 
2351 11657396 1629 
2352 11659025 1656 
2353 11660681 1662 
2354 11662343 1710 
2355 11664053 1637 
2356 11665690 1639 
2357 11667329 1630 
2358 11668959 1619 
2359 11670578 1664 
2360 11672242 1703 
2361 11673945 1644 
2362 11675589 1600 
2363 11677189 1643 
2364 11678832 1643 
2365 11680475 1619 
2366 11682094 1641 
2367 11683735 1615 
2368 11685350 1622 
2369 11686972 1647 
2370 11688619 1615 
2371 11690234 1645 
2372 11691879 1620 
2373 11693499 1633 
2374 11695132 1667 
2375 11696799 1605 
2376 11698404 1612 
2377 11700016 1612 
2378 11701628 1639 
2379 11703267 1642 
2380 11704909 1597 
2381 11706506 1634 
2382 11708140 1613 
2383 11709753 1631 
2384 11711384 1615 
2385 11712999 1623 
2386 11714622 1600 
2387 11716222 1601 
2388 11717823 1606 
2389 11719429 1598 
2390 11721027 1606 
2391 11722633 1651 
2392 11724284 1586 
2393 11725870 1621 
2394 11727491 1610 
2395 11729101 1590 
2396 11730691 1569 
2397 11732260 1624 
2398 11733884 1578 
2399 11735462 1614 
2400 11737076 1576 
2401 11738652 1606 
2402 11740258 1578 
2403 11741836 1571 
2404 11743407 1581 
2405 11744988 1589 
2406 11746577 1596 
2407 11748173 1561 
2408 11749734 1569 
2409 11751303 1583 
2410 11752886 1571 
2411 11754457 1594 
2412 11756051 1565 
2413 11757616 1594 
2414 11759210 1600 
2415 11760810 1575 
2416 11762385 1570 
2417 11763955 1580 
2418 11765535 1552 
2419 11767087 1552 
2420 11768639 1551 
2421 11770190 1546 
2422 11771736 1546 
2423 11773282 1600 
2424 11774882 1543 
2425 11776425 1555 
2426 11777980 1541 
2427 11779521 1549 
2428 11781070 1531 
2429 11782601 1542 
2430 11784143 1559 
2431 11785702 1572 
2432 11787274 1512 
2433 11788786 1534 
2434 11790320 1542 
2435 11791862 1555 
2436 11793417 1540 
2437 11794957 1560 
2438 11796517 1522 
2439 11798039 1522 
2440 11799561 1520 
2441 11801081 1513 
2442 11802594 1580 
2443 11804174 1543 
2444 11805717 1544 
2445 11807261 1497 
2446 11808758 1531 
2447 11810289 1505 
2448 11811794 1525 
2449 11813319 1499 
2450 11814818 1508 
2451 11816326 1513 
2452 11817839 1499 
2453 11819338 1529 
2454 11820867 1533 
2455 11822400 1501 
2456 11823901 1513 
2457 11825414 1547 
2458 11826961 1527 
2459 11828488 1540 
2460 11830028 1494 
2461 11831522 1506 
2462 11833028 1509 
2463 11834537 1498 
2464 11836035 1476 
2465 11837511 1476 
2466 11838987 1487 
2467 11840474 1500 
2468 11841974 1497 
2469 11843471 1491 
2470 11844962 1513 
2471 11846475 1519 
2472 11847994 1514 
2473 11849508 1467 
2474 11850975 1506 
2475 11852481 1500 
2476 11853981 1524 
2477 11855505 1472 
2478 11856977 1471 
2479 11858448 1492 
2480 11859940 1504 
2481 11861444 1469 
2482 11862913 1474 
2483 11864387 1477 
2484 11865864 1497 
2485 11867361 1505 
2486 11868866 1466 
2487 11870332 1492 
2488 11871824 1468 
2489 11873292 1480 
2490 11874772 1474 
2491 11876246 1470 
2492 11877716 1472 
2493 11879188 1476 
2494 11880664 1481 
2495 11882145 1463 
2496 11883608 1449 
2497 11885057 1445 
2498 11886502 1454 
2499 11887956 1508 
2500 11889464 1428 
2501 11890892 1469 
2502 11892361 1504 
2503 11893865 1422 
2504 11895287 1433 
2505 11896720 1396 
2506 11898116 1436 
2507 11899552 1415 
2508 11900967 1430 
2509 11902397 1407 
2510 11903804 1459 
2511 11905263 1422 
2512 11906685 1416 
2513 11908101 1466 
2514 11909567 1442 
2515 11911009 1404 
2516 11912413 1430 
2517 11913843 1420 
2518 11915263 1439 
2519 11916702 1453 
2520 11918155 1421 
2521 11919576 1426 
2522 11921002 1438 
2523 11922440 1469 
2524 11923909 1421 
2525 11925330 1386 
2526 11926716 1396 
2527 11928112 1407 
2528 11929519 1391 
2529 11930910 1409 
2530 11932319 1410 
2531 11933729 1428 
2532 11935157 1381 
2533 11936538 1385 
2534 11937923 1363 
2535 11939286 1372 
2536 11940658 1412 
2537 11942070 1388 
2538 11943458 1383 
2539 11944841 1384 
2540 11946225 1391 
2541 11947616 1376 
2542 11948992 1390 
2543 11950382 1389 
2544 11951771 1378 
2545 11953149 1365 
2546 11954514 1359 
2547 11955873 1351 
2548 11957224 1360 
2549 11958584 1400 
2550 11959984 1371 
2551 11961355 1378 
2552 11962733 1360 
2553 11964093 1353 
2554 11965446 1368 
2555 11966814 1327 
2556 11968141 1344 
2557 11969485 1355 
2558 11970840 1363 
2559 11972203 1355 
2560 11973558 1388 
2561 11974946 1379 
2562 11976325 1348 
2563 11977673 1333 
2564 11979006 1367 
2565 11980373 1325 
2566 11981698 1339 
2567 11983037 1352 
2568 11984389 1352 
2569 11985741 1336 
2570 11987077 1323 
2571 11988400 1322 
2572 11989722 1355 
2573 11991077 1340 
2574 11992417 1351 
2575 11993768 1355 
2576 11995123 1355 
2577 11996478 1345 
2578 11997823 1321 
2579 11999144 1320 
2580 12000464 1320 
2581 12001784 1285 
2582 12003069 1325 
2583 12004394 1306 
2584 12005700 1291 
2585 12006991 1335 
2586 12008326 1309 
2587 12009635 1310 
2588 12010945 1310 
2589 12012255 1297 
2590 12013552 1277 
2591 12014829 1309 
2592 12016138 1298 
2593 12017436 1303 
2594 12018739 1306 
2595 12020045 1278 
2596 12021323 1280 
2597 12022603 1307 
2598 12023910 1318 
2599 12025228 1302 
2600 12026530 1297 
2601 12027827 1300 
2602 12029127 1306 
2603 12030433 1302 
2604 12031735 1293 
2605 12033028 1307 
2606 12034335 1297 
2607 12035632 1301 
2608 12036933 1284 
2609 12038217 1340 
2610 12039557 1270 
2611 12040827 1257 
2612 12042084 1283 
2613 12043367 1268 
2614 12044635 1281 
2615 12045916 1271 
2616 12047187 1313 
2617 12048500 1285 
2618 12049785 1275 
2619 12051060 1276 
2620 12052336 1259 
2621 12053595 1260 
2622 12054855 1252 
2623 12056107 1262 
2624 12057369 1258 
2625 12058627 1239 
2626 12059866 1252 
2627 12061118 1222 
2628 12062340 1250 
2629 12063590 1274 
2630 12064864 1249 
2631 12066113 1259 
2632 12067372 1259 
2633 12068631 1258 
2634 12069889 1233 
2635 12071122 1223 
2636 12072345 1229 
2637 12073574 1262 
2638 12074836 1246 
2639 12076082 1244 
2640 12077326 1229 
2641 12078555 1246 
2642 12079801 1241 
2643 12081042 1221 
2644 12082263 1241 
2645 12083504 1230 
2646 12084734 1234 
2647 12085968 1218 
2648 12087186 1251 
2649 12088437 1197 
2650 12089634 1233 
2651 12090867 1208 
2652 12092075 1235 
2653 12093310 1210 
2654 12094520 1244 
2655 12095764 1221 
2656 12096985 1227 
2657 12098212 1189 
2658 12099401 1234 
2659 12100635 1216 
2660 12101851 1258 
2661 12103109 1249 
2662 12104358 1195 
2663 12105553 1213 
2664 12106766 1220 
2665 12107986 1243 
2666 12109229 1201 
2667 12110430 1194 
2668 12111624 1217 
2669 12112841 1170 
2670 12114011 1208 
2671 12115219 1211 
2672 12116430 1174 
2673 12117604 1185 
2674 12118789 1182 
2675 12119971 1215 
2676 12121186 1218 
2677 12122404 1170 
2678 12123574 1178 
2679 12124752 1170 
2680 12125922 1159 
2681 12127081 1181 
2682 12128262 1215 
2683 12129477 1213 
2684 12130690 1159 
2685 12131849 1177 
2686 12133026 1196 
2687 12134222 1169 
2688 12135391 1168 
2689 12136559 1189 
2690 12137748 1158 
2691 12138906 1141 
2692 12140047 1149 
2693 12141196 1190 
2694 12142386 1165 
2695 12143551 1155 
2696 12144706 1140 
2697 12145846 1154 
2698 12147000 1151 
2699 12148151 1139 
2700 12149290 1148 
2701 12150438 1146 
2702 12151584 1149 
2703 12152733 1139 
2704 12153872 1150 
2705 12155022 1123 
2706 12156145 1138 
2707 12157283 1132 
2708 12158415 1152 
2709 12159567 1144 
2710 12160711 1135 
2711 12161846 1130 
2712 12162976 1108 
2713 12164084 1119 
2714 12165203 1107 
2715 12166310 1140 
2716 12167450 1154 
2717 12168604 1124 
2718 12169728 1128 
2719 12170856 1143 
2720 12171999 1130 
2721 12173129 1143 
2722 12174272 1156 
2723 12175428 1121 
2724 12176549 1095 
2725 12177644 1110 
2726 12178754 1113 
2727 12179867 1094 
2728 12180961 1129 
2729 12182090 1114 
2730 12183204 1117 
2731 12184321 1084 
2732 12185405 1102 
2733 12186507 1091 
2734 12187598 1087 
2735 12188685 1108 
2736 12189793 1202 
2737 12190995 1082 
2738 12192077 1077 
2739 12193154 1113 
2740 12194267 1079 
2741 12195346 1089 
2742 12196435 1099 
2743 12197534 1105 
2744 12198639 1071 
2745 12199710 1104 
2746 12200814 1117 
2747 12201931 1093 
2748 12203024 1088 
2749 12204112 1075 
2750 12205187 1090 
2751 12206277 1073 
2752 12207350 1055 
2753 12208405 1093 
2754 12209498 1069 
2755 12210567 1073 
2756 12211640 1072 
2757 12212712 1074 
2758 12213786 1084 
2759 12214870 1099 
2760 12215969 1055 
2761 12217024 1115 
2762 12218139 1060 
2763 12219199 1048 
2764 12220247 1059 
2765 12221306 1069 
2766 12222375 1062 
2767 12223437 1059 
2768 12224496 1037 
2769 12225533 1046 
2770 12226579 1035 
2771 12227614 1072 
2772 12228686 1038 
2773 12229724 1046 
2774 12230770 1077 
2775 12231847 1034 
2776 12232881 1033 
2777 12233914 1055 
2778 12234969 1034 
2779 12236003 1020 
2780 12237023 997 
2781 12238020 1003 
2782 12239023 1037 
2783 12240060 980 
2784 12241040 1008 
2785 12242048 1003 
2786 12243051 1022 
2787 12244073 986 
2788 12245059 1014 
2789 12246073 989 
2790 12247062 983 
2791 12248045 986 
2792 12249031 1007 
2793 12250038 987 
2794 12251025 975 
2795 12252000 999 
2796 12252999 972 
2797 12253971 1025 
2798 12254996 983 
2799 12255979 977 
2800 12256956 1005 
2801 12257961 972 
2802 12258933 1008 
2803 12259941 1016 
2804 12260957 983 
2805 12261940 986 
2806 12262926 993 
2807 12263919 996 
2808 12264915 957 
2809 12265872 947 
2810 12266819 975 
2811 12267794 959 
2812 12268753 945 
2813 12269698 962 
2814 12270660 981 
2815 12271641 1000 
2816 12272641 953 
2817 12273594 978 
2818 12274572 943 
2819 12275515 952 
2820 12276467 952 
2821 12277419 963 
2822 12278382 944 
2823 12279326 929 
2824 12280255 942 
2825 12281197 939 
2826 12282136 919 
2827 12283055 925 
2828 12283980 967 
2829 12284947 990 
2830 12285937 933 
2831 12286870 931 
2832 12287801 932 
2833 12288733 932 
2834 12289665 925 
2835 12290590 941 
2836 12291531 931 
2837 12292462 936 
2838 12293398 935 
2839 12294333 934 
2840 12295267 911 
2841 12296178 933 
2842 12297111 937 
2843 12298048 906 
2844 12298954 900 
2845 12299854 898 
2846 12300752 901 
2847 12301653 917 
2848 12302570 894 
2849 12303464 916 
2850 12304380 886 
2851 12305266 885 
2852 12306151 885 
2853 12307036 893 
2854 12307929 916 
2855 12308845 943 
2856 12309788 912 
2857 12310700 872 
2858 12311572 910 
2859 12312482 875 
2860 12313357 874 
2861 12314231 942 
2862 12315173 884 
2863 12316057 879 
2864 12316936 917 
2865 12317853 863 
2866 12318716 953 
2867 12319669 857 
2868 12320526 868 
2869 12321394 870 
2870 12322264 875 
2871 12323139 868 
2872 12324007 919 
2873 12324926 838 
2874 12325764 857 
2875 12326621 825 
2876 12327446 837 
2877 12328283 842 
2878 12329125 815 
2879 12329940 849 
2880 12330789 829 
2881 12331618 859 
2882 12332477 822 
2883 12333299 833 
2884 12334132 843 
2885 12334975 837 
2886 12335812 817 
2887 12336629 810 
2888 12337439 827 
2889 12338266 795 
2890 12339061 818 
2891 12339879 825 
2892 12340704 797 
2893 12341501 818 
2894 12342319 806 
2895 12343125 803 
2896 12343928 799 
2897 12344727 827 
2898 12345554 824 
2899 12346378 858 
2900 12347236 801 
2901 12348037 799 
2902 12348836 870 
2903 12349706 793 
2904 12350499 801 
2905 12351300 786 
2906 12352086 794 
2907 12352880 752 
2908 12353632 768 
2909 12354400 766 
2910 12355166 776 
2911 12355942 757 
2912 12356699 818 
2913 12357517 807 
2914 12358324 798 
2915 12359122 783 
2916 12359905 741 
2917 12360646 859 
2918 12361505 756 
2919 12362261 859 
2920 12363120 773 
2921 12363893 736 
2922 12364629 778 
2923 12365407 755 
2924 12366162 751 
2925 12366913 815 
2926 12367728 751 
2927 12368479 728 
2928 12369207 726 
2929 12369933 742 
2930 12370675 716 
2931 12371391 748 
2932 12372139 763 
2933 12372902 759 
2934 12373661 719 
2935 12374380 728 
2936 12375108 726 
2937 12375834 746 
2938 12376580 699 
2939 12377279 708 
2940 12377987 718 
2941 12378705 692 
2942 12379397 732 
2943 12380129 735 
2944 12380864 694 
2945 12381558 668 
2946 12382226 687 
2947 12382913 641 
2948 12383554 689 
2949 12384243 684 
2950 12384927 686 
2951 12385613 680 
2952 12386293 722 
2953 12387015 674 
2954 12387689 627 
2955 12388316 775 
2956 12389091 743 
2957 12389834 730 
2958 12390564 662 
2959 12391226 665 
2960 12391891 664 
2961 12392555 664 
2962 12393219 655 
2963 12393874 707 
2964 12394581 742 
2965 12395323 665 
2966 12395988 691 
2967 12396679 667 
2968 12397346 690 
2969 12398036 652 
2970 12398688 664 
2971 12399352 664 
2972 12400016 663 
2973 12400679 660 
2974 12401339 694 
2975 12402033 722 
2976 12402755 672 
2977 12403427 711 
2978 12404138 660 
2979 12404798 681 
2980 12405479 648 
2981 12406127 664 
2982 12406791 660 
2983 12407451 667 
2984 12408118 645 
2985 12408763 657 
2986 12409420 642 
2987 12410062 689 
2988 12410751 684 
2989 12411435 683 
2990 12412118 660 
2991 12412778 660 
2992 12413438 675 
2993 12414113 666 
2994 12414779 669 
2995 12415448 663 
2996 12416111 693 
2997 12416804 673 
2998 12417477 650 
2999 12418127 663 
3000 12418790 641 
3001 12419431 641 
3002 12420072 677 
3003 12420749 681 
3004 12421430 675 
3005 12422105 663 
3006 12422768 663 
3007 12423431 675 
3008 12424106 672 
3009 12424778 672 
3010 12425450 693 
3011 12426143 722 
3012 12426865 665 
3013 12427530 659 
3014 12428189 695 
3015 12428884 722 
3016 12429606 687 
3017 12430293 687 
3018 12430980 711 
3019 12431691 675 
3020 12432366 662 
3021 12433028 685 
3022 12433713 677 
3023 12434390 635 
3024 12435025 641 
3025 12435666 668 
3026 12436334 650 
3027 12436984 646 
3028 12437630 662 
3029 12438292 665 
3030 12438957 674 
3031 12439631 662 
3032 12440293 662 
3033 12440955 650 
3034 12441605 692 
3035 12442297 697 
3036 12442994 660 
3037 12443654 649 
3038 12444303 700 
3039 12445003 646 
3040 12445649 649 
3041 12446298 727 
3042 12447025 676 
3043 12447701 672 
3044 12448373 667 
3045 12449040 692 
3046 12449732 670 
3047 12450402 721 
3048 12451123 671 
3049 12451794 718 
3050 12452512 670 
3051 12453182 656 
3052 12453838 686 
3053 12454524 698 
3054 12455222 698 
3055 12455920 692 
3056 12456612 656 
3057 12457268 684 
3058 12457952 662 
3059 12458614 686 
3060 12459300 677 
3061 12459977 718 
3062 12460695 652 
3063 12461347 670 
3064 12462017 682 
3065 12462699 667 
3066 12463366 667 
3067 12464033 652 
3068 12464685 657 
3069 12465342 691 
3070 12466033 692 
3071 12466725 671 
3072 12467396 692 
3073 12468088 658 
3074 12468746 691 
3075 12469437 675 
3076 12470112 707 
3077 12470819 675 
3078 12471494 691 
3079 12472185 670 
3080 12472855 682 
3081 12473537 706 
3082 12474243 706 
3083 12474949 659 
3084 12475608 721 
3085 12476329 658 
3086 12476987 685 
3087 12477672 687 
3088 12478359 684 
3089 12479043 658 
3090 12479701 654 
3091 12480355 648 
3092 12481003 645 
3093 12481648 661 
3094 12482309 645 
3095 12482954 648 
3096 12483602 639 
3097 12484241 637 
3098 12484878 644 
3099 12485522 669 
3100 12486191 636 
3101 12486827 693 
3102 12487520 654 
3103 12488174 642 
3104 12488816 667 
3105 12489483 672 
3106 12490155 674 
3107 12490829 705 
3108 12491534 701 
3109 12492235 696 
3110 12492931 660 
3111 12493591 698 
3112 12494289 641 
3113 12494930 698 
3114 12495628 685 
3115 12496313 690 
3116 12497003 660 
3117 12497663 725 
3118 12498388 661 
3119 12499049 702 
3120 12499751 699 
3121 12500450 647 
3122 12501097 629 
3123 12501726 670 
3124 12502396 632 
3125 12503028 659 
3126 12503687 631 
3127 12504318 647 
3128 12504965 656 
3129 12505621 660 
3130 12506281 636 
3131 12506917 634 
3132 12507551 635 
3133 12508186 661 
3134 12508847 662 
3135 12509509 659 
3136 12510168 668 
3137 12510836 673 
3138 12511509 716 
3139 12512225 686 
3140 12512911 711 
3141 12513622 646 
3142 12514268 711 
3143 12514979 678 
3144 12515657 677 
3145 12516334 716 
3146 12517050 689 
3147 12517739 695 
3148 12518434 713 
3149 12519147 694 
3150 12519841 689 
3151 12520530 671 
3152 12521201 659 
3153 12521860 665 
3154 12522525 682 
3155 12523207 677 
3156 12523884 658 
3157 12524542 686 
3158 12525228 674 
3159 12525902 649 
3160 12526551 681 
3161 12527232 649 
3162 12527881 660 
3163 12528541 642 
3164 12529183 655 
3165 12529838 647 
3166 12530485 680 
3167 12531165 641 
3168 12531806 692 
3169 12532498 654 
3170 12533152 644 
3171 12533796 658 
3172 12534454 658 
3173 12535112 684 
3174 12535796 672 
3175 12536468 672 
3176 12537140 672 
3177 12537812 682 
3178 12538494 694 
3179 12539188 672 
3180 12539860 722 
3181 12540582 680 
3182 12541262 682 
3183 12541944 703 
3184 12542647 706 
3185 12543353 669 
3186 12544022 672 
3187 12544694 657 
3188 12545351 655 
3189 12546006 651 
3190 12546657 685 
3191 12547342 688 
3192 12548030 712 
3193 12548742 705 
3194 12549447 724 
3195 12550171 696 
3196 12550867 645 
3197 12551512 639 
3198 12552151 667 
3199 12552818 682 
3200 12553500 706 
3201 12554206 724 
3202 12554930 655 
3203 12555585 687 
3204 12556272 658 
3205 12556930 693 
3206 12557623 690 
3207 12558313 639 
3208 12558952 633 
3209 12559585 633 
3210 12560218 641 
3211 12560859 632 
3212 12561491 641 
3213 12562132 639 
3214 12562771 656 
3215 12563427 624 
3216 12564051 667 
3217 12564718 670 
3218 12565388 697 
3219 12566085 706 
3220 12566791 697 
3221 12567488 679 
3222 12568167 681 
3223 12568848 714 
3224 12569562 657 
3225 12570219 675 
3226 12570894 679 
3227 12571573 679 
3228 12572252 681 
3229 12572933 705 
3230 12573638 694 
3231 12574332 681 
3232 12575013 680 
3233 12575693 705 
3234 12576398 656 
3235 12577054 650 
3236 12577704 647 
3237 12578351 681 
3238 12579032 637 
3239 12579669 640 
3240 12580309 650 
3241 12580959 711 
3242 12581670 711 
3243 12582381 668 
3244 12583049 679 
3245 12583728 697 
3246 12584425 679 
3247 12585104 676 
3248 12585780 708 
3249 12586488 667 
3250 12587155 702 
3251 12587857 702 
3252 12588559 702 
3253 12589261 656 
3254 12589917 646 
3255 12590563 701 
3256 12591264 696 
3257 12591960 707 
3258 12592667 646 
3259 12593313 696 
3260 12594009 650 
3261 12594659 656 
3262 12595315 671 
3263 12595986 699 
3264 12596685 699 
3265 12597384 671 
3266 12598055 649 
3267 12598704 699 
3268 12599403 695 
3269 12600098 636 
3270 12600734 661 
3271 12601395 664 
3272 12602059 661 
3273 12602720 664 
3274 12603384 689 
3275 12604073 696 
3276 12604769 711 
3277 12605480 711 
3278 12606191 695 
3279 12606886 695 
3280 12607581 678 
3281 12608259 678 
3282 12608937 652 
3283 12609589 673 
3284 12610262 670 
3285 12610932 694 
3286 12611626 702 
3287 12612328 702 
3288 12613030 642 
3289 12613672 695 
3290 12614367 655 
3291 12615022 698 
3292 12615720 654 
3293 12616374 626 
3294 12617000 668 
3295 12617668 677 
3296 12618345 678 
3297 12619023 677 
3298 12619700 709 
3299 12620409 710 
3300 12621119 695 
3301 12621814 674 
3302 12622488 694 
3303 12623182 666 
3304 12623848 695 
3305 12624543 676 
3306 12625219 676 
3307 12625895 654 
3308 12626549 671 
3309 12627220 654 
3310 12627874 695 
3311 12628569 695 
3312 12629264 654 
3313 12629918 640 
3314 12630558 640 
3315 12631198 667 
3316 12631865 631 
3317 12632496 677 
3318 12633173 677 
3319 12633850 674 
3320 12634524 674 
3321 12635198 659 
3322 12635857 673 
3323 12636530 667 
3324 12637197 643 
3325 12637840 674 
3326 12638514 673 
3327 12639187 668 
3328 12639855 675 
3329 12640530 674 
3330 12641204 623 
3331 12641827 636 
3332 12642463 667 
3333 12643130 623 
3334 12643753 674 
3335 12644427 623 
3336 12645050 707 
3337 12645757 652 
3338 12646409 703 
3339 12647112 660 
3340 12647772 693 
3341 12648465 668 
3342 12649133 683 
3343 12649816 693 
3344 12650509 666 
3345 12651175 667 
3346 12651842 666 
3347 12652508 633 
3348 12653141 658 
3349 12653799 649 
3350 12654448 636 
3351 12655084 667 
3352 12655751 655 
3353 12656406 676 
3354 12657082 676 
3355 12657758 638 
3356 12658396 638 
3357 12659034 638 
3358 12659672 635 
3359 12660307 673 
3360 12660980 665 
3361 12661645 633 
3362 12662278 692 
3363 12662970 667 
3364 12663637 672 
3365 12664309 672 
3366 12664981 660 
3367 12665641 660 
3368 12666301 660 
3369 12666961 621 
3370 12667582 640 
3371 12668222 621 
3372 12668843 660 
3373 12669503 660 
3374 12670163 660 
3375 12670823 636 
3376 12671459 660 
3377 12672119 660 
3378 12672779 672 
3379 12673451 670 
3380 12674121 680 
3381 12674801 666 
3382 12675467 680 
3383 12676147 672 
3384 12676819 660 
3385 12677479 636 
3386 12678115 660 
3387 12678775 660 
3388 12679435 660 
3389 12680095 660 
3390 12680755 660 
3391 12681415 639 
3392 12682054 648 
3393 12682702 620 
3394 12683322 662 
3395 12683984 645 
3396 12684629 662 
3397 12685291 680 
3398 12685971 664 
3399 12686635 681 
3400 12687316 670 
3401 12687986 635 
3402 12688621 635 
3403 12689256 638 
3404 12689894 636 
3405 12690530 634 
3406 12691164 659 
3407 12691823 634 
3408 12692457 658 
3409 12693115 620 
3410 12693735 639 
3411 12694374 659 
3412 12695033 638 
3413 12695671 659 
3414 12696330 638 
3415 12696968 619 
3416 12697587 638 
3417 12698225 639 
3418 12698864 638 
3419 12699502 640 
3420 12700142 671 
3421 12700813 660 
3422 12701473 662 
3423 12702135 671 
3424 12702806 669 
3425 12703475 669 
3426 12704144 662 
3427 12704806 619 
3428 12705425 638 
3429 12706063 658 
3430 12706721 634 
3431 12707355 637 
3432 12707992 633 
3433 12708625 642 
3434 12709267 668 
3435 12709935 659 
3436 12710594 669 
3437 12711263 655 
3438 12711918 668 
3439 12712586 652 
3440 12713238 637 
3441 12713875 643 
3442 12714518 633 
3443 12715151 637 
3444 12715788 634 
3445 12716422 634 
3446 12717056 642 
3447 12717698 668 
3448 12718366 648 
3449 12719014 660 
3450 12719674 678 
3451 12720352 667 
3452 12721019 667 
3453 12721686 639 
3454 12722325 642 
3455 12722967 631 
3456 12723598 641 
3457 12724239 631 
3458 12724870 641 
3459 12725511 627 
3460 12726138 642 
3461 12726780 637 
3462 12727417 667 
3463 12728084 664 
3464 12728748 668 
3465 12729416 658 
3466 12730074 666 
3467 12730740 666 
3468 12731406 666 
3469 12732072 657 
3470 12732729 635 
3471 12733364 708 
3472 12734072 647 
3473 12734719 630 
3474 12735349 617 
3475 12735966 619 
3476 12736585 640 
3477 12737225 646 
3478 12737871 665 
3479 12738536 655 
3480 12739191 664 
3481 12739855 657 
3482 12740512 667 
3483 12741179 667 
3484 12741846 667 
3485 12742513 666 
3486 12743179 666 
3487 12743845 656 
3488 12744501 669 
3489 12745170 656 
3490 12745826 636 
3491 12746462 640 
3492 12747102 633 
3493 12747735 735 
3494 12748470 666 
3495 12749136 682 
3496 12749818 646 
3497 12750464 629 
3498 12751093 628 
3499 12751721 632 
3500 12752353 632 
3501 12752985 651 
3502 12753636 665 
3503 12754301 665 
3504 12754966 674 
3505 12755640 662 
3506 12756302 656 
3507 12756958 662 
3508 12757620 664 
3509 12758284 627 
3510 12758911 645 
3511 12759556 631 
3512 12760187 631 
3513 12760818 627 
3514 12761445 640 
3515 12762085 614 
3516 12762699 632 
3517 12763331 652 
3518 12763983 637 
3519 12764620 649 
3520 12765269 644 
3521 12765913 651 
3522 12766564 631 
3523 12767195 630 
3524 12767825 643 
3525 12768468 630 
3526 12769098 638 
3527 12769736 626 
3528 12770362 634 
3529 12770996 638 
3530 12771634 638 
3531 12772272 626 
3532 12772898 648 
3533 12773546 662 
3534 12774208 638 
3535 12774846 638 
3536 12775484 638 
3537 12776122 625 
3538 12776747 641 
3539 12777388 647 
3540 12778035 661 
3541 12778696 657 
3542 12779353 685 
3543 12780038 674 
3544 12780712 629 
3545 12781341 639 
3546 12781980 626 
3547 12782606 626 
3548 12783232 638 
3549 12783870 625 
3550 12784495 648 
3551 12785143 633 
3552 12785776 653 
3553 12786429 641 
3554 12787070 637 
3555 12787707 625 
3556 12788332 637 
3557 12788969 647 
3558 12789616 624 
3559 12790240 624 
3560 12790864 659 
3561 12791523 659 
3562 12792182 678 
3563 12792860 638 
3564 12793498 624 
3565 12794122 645 
3566 12794767 623 
3567 12795390 638 
3568 12796028 639 
3569 12796667 660 
3570 12797327 639 
3571 12797966 645 
3572 12798611 645 
3573 12799256 629 
3574 12799885 622 
3575 12800507 629 
3576 12801136 645 
3577 12801781 622 
3578 12802403 622 
3579 12803025 646 
3580 12803671 633 
3581 12804304 633 
3582 12804937 636 
3583 12805573 652 
3584 12806225 675 
3585 12806900 643 
3586 12807543 627 
3587 12808170 639 
3588 12808809 616 
3589 12809425 630 
3590 12810055 641 
3591 12810696 628 
3592 12811324 636 
3593 12811960 748 
3594 12812708 621 
3595 12813329 586 
3596 12813915 614 
3597 12814529 612 
3598 12815141 621 
3599 12815762 624 
3600 12816386 601 
3601 12816987 626 
3602 12817613 626 
3603 12818239 626 
3604 12818865 626 
3605 12819491 626 
3606 12820117 626 
3607 12820743 633 
3608 12821376 603 
3609 12821979 603 
3610 12822582 576 
3611 12823158 600 
3612 12823758 603 
3613 12824361 604 
3614 12824965 603 
3615 12825568 603 
3616 12826171 603 
3617 12826774 602 
3618 12827376 602 
3619 12827978 601 
3620 12828579 599 
3621 12829178 550 
3622 12829728 585 
3623 12830313 571 
3624 12830884 569 
3625 12831453 672 
3626 12832125 574 
3627 12832699 563 
3628 12833262 531 
3629 12833793 537 
3630 12834330 549 
3631 12834879 539 
3632 12835418 553 
3633 12835971 537 
3634 12836508 531 
3635 12837039 547 
3636 12837586 538 
3637 12838124 517 
3638 12838641 548 
3639 12839189 521 
3640 12839710 557 
3641 12840267 543 
3642 12840810 590 
3643 12841400 546 
3644 12841946 503 
3645 12842449 543 
3646 12842992 501 
3647 12843493 511 
3648 12844004 519 
3649 12844523 556 
3650 12845079 493 
3651 12845572 501 
3652 12846073 487 
3653 12846560 529 
3654 12847089 485 
3655 12847574 546 
3656 12848120 492 
3657 12848612 533 
3658 12849145 471 
3659 12849616 479 
3660 12850095 473 
3661 12850568 538 
3662 12851106 469 
3663 12851575 516 
3664 12852091 499 
3665 12852590 497 
3666 12853087 484 
3667 12853571 509 
3668 12854080 526 
3669 12854606 526 
3670 12855132 493 
3671 12855625 457 
3672 12856082 441 
3673 12856523 474 
3674 12856997 431 
3675 12857428 452 
3676 12857880 415 
3677 12858295 456 
3678 12858751 435 
3679 12859186 426 
3680 12859612 445 
3681 12860057 400 
3682 12860457 403 
3683 12860860 446 
3684 12861306 458 
3685 12861764 371 
3686 12862135 424 
3687 12862559 348 
3688 12862907 442 
3689 12863349 439 
3690 12863788 366 
3691 12864154 344 
3692 12864498 431 
3693 12864929 429 
3694 12865358 442 
3695 12865800 392 
3696 12866192 412 
3697 12866604 517 
3698 12867121 322 
3699 12867443 374 
3700 12867817 423 
3701 12868240 473 
3702 12868713 367 
3703 12869080 374 
3704 12869454 342 
3705 12869796 424 
3706 12870220 521 
3707 12870741 391 
3708 12871132 377 
3709 12871509 442 
3710 12871951 372 
3711 12872323 488 
3712 12872811 378 
3713 12873189 375 
3714 12873564 517 
3715 12874081 382 
3716 12874463 470 
3717 12874933 417 
3718 12875350 310 
3719 12875660 339 
3720 12875999 408 
3721 12876407 348 
3722 12876755 386 
3723 12877141 432 
3724 12877573 331 
3725 12877904 468 
3726 12878372 316 
3727 12878688 331 
3728 12879019 316 
3729 12879335 372 
3730 12879707 335 
3731 12880042 323 
3732 12880365 320 
3733 12880685 318 
3734 12881003 387 
3735 12881390 328 
3736 12881718 339 
3737 12882057 342 
3738 12882399 344 
3739 12882743 309 
3740 12883052 315 
3741 12883367 257 
3742 12883624 289 
3743 12883913 311 
3744 12884224 295 
3745 12884519 312 
3746 12884831 328 
3747 12885159 196 
3748 12885355 271 
3749 12885626 297 
3750 12885923 251 
3751 12886174 279 
3752 12886453 240 
3753 12886693 233 
